[gd_scene load_steps=7 format=3 uid="uid://5e0hgg6vnc60"]

[ext_resource type="Texture2D" uid="uid://b50o42smb621t" path="res://Material/Grid.png" id="1_n12e5"]
[ext_resource type="PackedScene" uid="uid://drjlm5ikvip32" path="res://player.tscn" id="2_ouh4o"]
[ext_resource type="PackedScene" uid="uid://cdcykbtmxscah" path="res://enemy.tscn" id="4_ouh4o"]

[sub_resource type="Environment" id="Environment_n12e5"]

[sub_resource type="NavigationMesh" id="NavigationMesh_rfcsp"]
vertices = PackedVector3Array(-16.548, 0.855985, -21.5476, -14.548, 0.855985, -21.5476, -14.548, 0.855985, -49.5476, -16.798, 0.855985, -19.7976, -49.548, 0.855985, -49.5476, -49.548, 1.10598, -20.0476, 2.20201, 0.855985, -21.5476, 2.20201, 0.855985, -49.5476, 4.20201, 0.855985, -21.5476, 4.45201, 0.855985, -19.2976, 49.452, 0.605985, -19.2976, 49.452, 0.605985, -49.5476, -15.798, 5.10598, -22.7976, -15.798, 5.85598, -22.0476, -9.04799, 6.10598, -21.7976, 3.45201, 5.10598, -22.7976, -9.04799, 6.60598, -20.7976, -15.798, 6.85598, -21.0476, -15.798, 1.35598, -14.7976, -10.048, 0.855985, 17.2024, 3.95201, 0.855985, 17.2024, 3.45201, 1.10598, -14.5476, -14.0627, 0.855985, -14.0369, -8.07275, 1.60598, -15.5529, -8.07263, 0.855985, -14.043, -14.053, 4.35598, -18.5506, -0.547691, 1.60598, -15.5479, 3.95201, 1.10598, -14.5476, 3.45201, 5.85598, -20.0476, 3.45201, 6.35598, -21.4226, -0.572872, 4.35598, -18.5627, 0.962021, 6.35598, -21.5616, -3.53294, 5.85598, -20.0286, -0.56292, 5.85598, -20.0567, -49.548, 1.10598, -15.7976, -16.798, 0.855985, -16.0476, 4.45201, 0.855985, -16.5476, 49.452, 0.605985, -16.5476, -15.548, 0.855985, -18.7976, -15.548, 0.855985, -17.0476, 3.20201, 0.855985, -17.0476, 3.20201, 0.855985, -18.7976, 4.45201, 0.855985, -14.5476, 10.452, 0.855985, 17.2024, 10.702, 0.855985, 18.9524, 49.452, 0.855985, 18.7024, -16.798, 0.855985, -14.5476, -10.548, 0.855985, 17.7024, -16.048, 1.10598, -14.5476, -10.548, 0.855985, 19.2024, -49.548, 1.10598, 19.2024, -9.54799, 10.106, 18.2024, -9.54799, 10.106, 20.4524, 9.70201, 10.106, 20.4524, 9.70201, 10.106, 18.2024, -9.29799, 0.855985, 18.4524, -9.29799, 0.855985, 20.2024, 9.45201, 0.855985, 20.2024, 9.45201, 0.855985, 18.4524, 10.702, 0.855985, 19.7024, 49.452, 0.855985, 19.9524, -8.29799, 0.855985, 49.4524, -8.29799, 0.855985, 21.4524, -10.548, 0.855985, 21.2024, -49.548, 1.10598, 49.4524, 10.452, 0.855985, 21.4524, 8.45201, 0.855985, 21.4524, 8.45201, 0.855985, 49.4524, 49.452, 0.855985, 49.4524)
polygons = [PackedInt32Array(2, 1, 0), PackedInt32Array(0, 3, 2), PackedInt32Array(2, 3, 5), PackedInt32Array(2, 5, 4), PackedInt32Array(2, 7, 1), PackedInt32Array(1, 7, 6), PackedInt32Array(8, 6, 7), PackedInt32Array(8, 7, 9), PackedInt32Array(9, 7, 10), PackedInt32Array(10, 7, 11), PackedInt32Array(13, 12, 14), PackedInt32Array(14, 12, 15), PackedInt32Array(20, 24, 21), PackedInt32Array(21, 26, 16), PackedInt32Array(16, 25, 17), PackedInt32Array(17, 25, 18), PackedInt32Array(18, 22, 19), PackedInt32Array(19, 24, 20), PackedInt32Array(24, 26, 21), PackedInt32Array(26, 23, 16), PackedInt32Array(16, 23, 25), PackedInt32Array(25, 22, 18), PackedInt32Array(22, 24, 19), PackedInt32Array(24, 23, 26), PackedInt32Array(23, 22, 25), PackedInt32Array(22, 23, 24), PackedInt32Array(21, 27, 20), PackedInt32Array(16, 32, 21), PackedInt32Array(21, 30, 28), PackedInt32Array(28, 31, 29), PackedInt32Array(29, 31, 15), PackedInt32Array(15, 31, 14), PackedInt32Array(14, 32, 16), PackedInt32Array(32, 30, 21), PackedInt32Array(30, 33, 28), PackedInt32Array(28, 33, 31), PackedInt32Array(31, 32, 14), PackedInt32Array(32, 33, 30), PackedInt32Array(33, 32, 31), PackedInt32Array(35, 34, 3), PackedInt32Array(3, 34, 5), PackedInt32Array(9, 10, 36), PackedInt32Array(36, 10, 37), PackedInt32Array(41, 40, 38), PackedInt32Array(38, 40, 39), PackedInt32Array(27, 42, 20), PackedInt32Array(20, 42, 43), PackedInt32Array(45, 44, 43), PackedInt32Array(42, 36, 43), PackedInt32Array(43, 36, 45), PackedInt32Array(45, 36, 37), PackedInt32Array(34, 35, 46), PackedInt32Array(46, 48, 47), PackedInt32Array(47, 49, 46), PackedInt32Array(46, 49, 34), PackedInt32Array(34, 49, 50), PackedInt32Array(18, 19, 48), PackedInt32Array(48, 19, 47), PackedInt32Array(54, 53, 51), PackedInt32Array(51, 53, 52), PackedInt32Array(58, 57, 55), PackedInt32Array(55, 57, 56), PackedInt32Array(44, 45, 59), PackedInt32Array(59, 45, 60), PackedInt32Array(62, 61, 63), PackedInt32Array(63, 61, 64), PackedInt32Array(63, 64, 50), PackedInt32Array(50, 49, 63), PackedInt32Array(67, 66, 65), PackedInt32Array(65, 59, 67), PackedInt32Array(67, 59, 60), PackedInt32Array(67, 60, 68), PackedInt32Array(62, 66, 61), PackedInt32Array(61, 66, 67)]
agent_max_slope = 60.0

[sub_resource type="StandardMaterial3D" id="StandardMaterial3D_c1ggj"]
albedo_texture = ExtResource("1_n12e5")
uv1_triplanar = true
uv1_world_triplanar = true

[node name="World_Melih" type="Node3D"]

[node name="DirectionalLight3D2" type="DirectionalLight3D" parent="."]
transform = Transform3D(-0.866025, -0.433013, 0.25, 0, 0.5, 0.866025, -0.5, 0.75, -0.433013, 0, 4.67694, 0)
light_energy = 0.7
shadow_enabled = true
shadow_opacity = 0.45
sky_mode = 1

[node name="DirectionalLight3D3" type="DirectionalLight3D" parent="."]
transform = Transform3D(0.965926, -0.0771301, -0.247059, 0.0780351, 0.996932, -0.00614147, 0.246775, -0.0133471, 0.968981, 0, 4.67694, 0)
light_energy = 0.03
sky_mode = 1

[node name="WorldEnvironment" type="WorldEnvironment" parent="."]
environment = SubResource("Environment_n12e5")

[node name="NavigationRegion3D" type="NavigationRegion3D" parent="."]
navigation_mesh = SubResource("NavigationMesh_rfcsp")

[node name="Floor" type="CSGBox3D" parent="NavigationRegion3D"]
transform = Transform3D(0.999996, 0.00274334, -0.000936346, -0.00274212, 0.999995, 0.00130031, 0.000939924, -0.00129773, 0.999999, 0, 0, 0)
material_override = SubResource("StandardMaterial3D_c1ggj")
use_collision = true
size = Vector3(100, 1, 100)

[node name="Wall" type="CSGBox3D" parent="NavigationRegion3D"]
transform = Transform3D(0.999996, 0.00274334, -0.000936346, -0.00274212, 0.999995, 0.00130031, 0.000939924, -0.00129773, 0.999999, -0.0053125, 4.66321, 19.2567)
material_override = SubResource("StandardMaterial3D_c1ggj")
use_collision = true
size = Vector3(20, 10, 3)

[node name="Wall2" type="CSGBox3D" parent="NavigationRegion3D"]
transform = Transform3D(0.999996, 0.00253686, 0.00140252, -0.00274212, 0.670987, 0.741464, 0.000939924, -0.741464, 0.670992, -6.22306, 1.11523, -17.5219)
material_override = SubResource("StandardMaterial3D_c1ggj")
use_collision = true
size = Vector3(20, 12.2793, 3)

[node name="Player" parent="." instance=ExtResource("2_ouh4o")]
transform = Transform3D(1, 0, 0, 0, 1, 0, 0, 0, 1, 0, 0.5, 0)

[node name="Enemy" parent="." instance=ExtResource("4_ouh4o")]
transform = Transform3D(1, 0, 0, 0, 1, 0, 0, 0, 1, -3.80655, 0.458637, 8.2184)
player_path = NodePath("../Player")
