[gd_scene load_steps=2 format=3 uid="uid://4eudlhnms51u"]

[ext_resource type="PackedScene" uid="uid://d3o002c8jt8ru" path="res://Player/Models/Knight.glb" id="1_2jiir"]

[node name="Knight" instance=ExtResource("1_2jiir")]

[node name="Skeleton3D" parent="Rig" index="0"]
bones/1/position = Vector3(0, 0.392064, 0)
bones/4/rotation = Quaternion(-0.590644, -0.0235089, -0.61161, 0.525852)
bones/5/rotation = Quaternion(3.66704e-08, -4.072e-08, -0.489536, 0.871983)
bones/7/rotation = Quaternion(-0.32292, -0.314156, 0.125926, 0.883839)
bones/8/position = Vector3(8.28541e-09, 0.0961251, -0.0575)
bones/8/rotation = Quaternion(-3.6586e-09, 6.87811e-09, -0.707107, 0.707107)
bones/14/rotation = Quaternion(-0.585792, 0.119465, 0.654315, 0.463085)
bones/15/rotation = Quaternion(3.427e-09, 5.89376e-08, 0.512631, 0.858609)
bones/17/rotation = Quaternion(-0.318176, 0.30963, -0.24202, 0.86274)
bones/18/position = Vector3(-8.34843e-10, 0.0961252, -0.0575)
bones/18/rotation = Quaternion(1.60974e-09, -1.60974e-09, 0.707107, 0.707107)
bones/24/position = Vector3(0.170945, 0.113587, 1.39233e-08)
bones/24/rotation = Quaternion(0.994167, 0.0449324, 0.01182, -0.0973304)
bones/25/rotation = Quaternion(0.0888006, 6.85487e-08, -5.95912e-08, 0.996049)
bones/26/rotation = Quaternion(-0.511942, -0.260832, -0.0087369, 0.818417)
bones/27/rotation = Quaternion(-3.01921e-08, 0.920355, -0.391084, 6.96068e-08)
bones/28/position = Vector3(-0.170945, 0.113587, 1.39233e-08)
bones/28/rotation = Quaternion(0.995962, -0.0260949, -0.0122846, 0.085022)
bones/29/rotation = Quaternion(0.285221, -6.61954e-08, 1.99934e-07, 0.958462)
bones/30/rotation = Quaternion(-0.548255, 0.114646, -0.00662813, 0.828389)
bones/31/rotation = Quaternion(3.03672e-08, 0.920355, -0.391084, -6.95304e-08)
bones/32/rotation = Quaternion(0.707107, -2.29302e-07, -4.60552e-08, 0.707107)
bones/33/position = Vector3(0.213918, 0.0259903, 0.173866)
bones/33/rotation = Quaternion(-0.705092, 0.0533355, 0.0533355, 0.705092)
bones/34/rotation = Quaternion(9.65792e-09, 1.77955e-09, 0.985719, -0.168398)
bones/35/position = Vector3(-1.11482e-08, 0.213436, -5.36347e-09)
bones/35/rotation = Quaternion(-1.10961e-07, 0.391084, 0.920355, -2.67919e-08)
bones/36/position = Vector3(-6.31128e-09, 0.16565, -7.10267e-09)
bones/37/rotation = Quaternion(1, -8.27364e-11, 1.94627e-07, -7.45058e-09)
bones/39/rotation = Quaternion(0.707107, -3.82385e-08, 1.45009e-07, 0.707107)
bones/40/rotation = Quaternion(-0.707107, -7.05285e-08, -7.05285e-08, 0.707107)
bones/41/rotation = Quaternion(-5.83589e-09, 6.43837e-10, 0.994809, 0.101756)
bones/42/position = Vector3(-1.11482e-08, 0.213436, -2.50942e-15)
bones/42/rotation = Quaternion(-1.05796e-07, 0.391084, 0.920355, -2.58643e-08)
bones/43/position = Vector3(-6.31128e-09, 0.16565, 2.70695e-09)
bones/44/rotation = Quaternion(1, 3.76526e-09, 1.94879e-07, 7.45058e-09)
bones/46/rotation = Quaternion(-0.707107, -7.27951e-08, -7.27951e-08, 0.707107)
bones/47/position = Vector3(0.520841, 0.788312, -0.0576373)
bones/47/rotation = Quaternion(0.794627, -1.11759e-07, 0.607098, -5.96046e-08)
bones/48/rotation = Quaternion(-0.707107, -7.27951e-08, -7.27951e-08, 0.707107)
bones/49/position = Vector3(-0.510844, 0.788312, 0.0597369)
bones/49/rotation = Quaternion(-0.758253, -1.52737e-07, 0.651961, -1.11759e-08)

[node name="1H_Sword_Offhand" parent="Rig/Skeleton3D" index="0"]
transform = Transform3D(6.21035e-07, 0.262863, 0.964832, 0.999999, -2.35611e-07, -3.55643e-07, 4.13038e-07, 0.964832, -0.262863, 0.513125, 0.636089, -0.0053439)
visible = false

[node name="Badge_Shield" parent="Rig/Skeleton3D" index="1"]
transform = Transform3D(6.43451e-07, 0.262863, 0.964832, 0.999999, -2.77079e-06, 3.11818e-07, 3.03452e-06, 0.964833, -0.262863, 0.663528, 0.636089, -0.0463204)

[node name="Rectangle_Shield" parent="Rig/Skeleton3D" index="2"]
transform = Transform3D(6.43451e-07, 0.262863, 0.964832, 0.999999, -2.77079e-06, 3.11818e-07, 3.03452e-06, 0.964833, -0.262863, 0.663528, 0.636089, -0.0463204)
visible = false

[node name="Round_Shield" parent="Rig/Skeleton3D" index="3"]
transform = Transform3D(6.43451e-07, 0.262863, 0.964832, 0.999999, -2.77079e-06, 3.11818e-07, 3.03452e-06, 0.964833, -0.262863, 0.663528, 0.636089, -0.0463204)
visible = false

[node name="Spike_Shield" parent="Rig/Skeleton3D" index="4"]
transform = Transform3D(6.43451e-07, 0.262863, 0.964832, 0.999999, -2.77079e-06, 3.11818e-07, 3.03452e-06, 0.964833, -0.262863, 0.663528, 0.636089, -0.0463204)
visible = false

[node name="1H_Sword" parent="Rig/Skeleton3D" index="5"]
transform = Transform3D(-4.39148e-07, -0.149894, 0.988702, 0.999999, -3.25018e-07, 1.19209e-07, 5.76686e-07, 0.988701, 0.149894, -0.494934, 0.641942, 0.141741)

[node name="2H_Sword" parent="Rig/Skeleton3D" index="6"]
transform = Transform3D(-4.54887e-07, -0.149894, 0.988702, 0.999999, -3.39751e-07, 1.32895e-07, 5.89201e-07, 0.988701, 0.149894, -0.494934, 0.641942, 0.141741)
visible = false

[node name="Knight_Helmet" parent="Rig/Skeleton3D" index="7"]
transform = Transform3D(1, -2.20965e-22, 1.69407e-21, 2.20965e-22, 1, 0, -1.69407e-21, 3.58732e-43, 1, 4.76837e-07, 1.20229, -1.08542e-07)

[node name="Knight_Cape" parent="Rig/Skeleton3D" index="8"]
transform = Transform3D(1, 1.25214e-21, 0, -1.25214e-21, 1, 0, 0, 0, 1, 0, 1.20229, -1.4066e-07)
